<?xml version="1.0"?>
<opencv_storage>
<calibration_time>"Fri 09 Mar 2018 10:32:20 GMT"</calibration_time>
<nr_of_frames>25</nr_of_frames>
<image_width>640</image_width>
<image_height>480</image_height>
<board_width>9</board_width>
<board_height>6</board_height>
<square_size>29.</square_size>
<fix_aspect_ratio>1.</fix_aspect_ratio>
<!-- flags: +fix_aspectRatio +fix_principal_point -->
<flags>6</flags>
<fisheye_model>0</fisheye_model>
<camera_matrix type_id="opencv-matrix">
  <rows>3</rows>
  <cols>3</cols>
  <dt>d</dt>
  <data>
    5.2442391866112985e+02 0. 320. 0. 5.2442391866112985e+02 240. 0. 0.
    1.</data></camera_matrix>
<distortion_coefficients type_id="opencv-matrix">
  <rows>5</rows>
  <cols>1</cols>
  <dt>d</dt>
  <data>
    -1.7442723256212278e-01 4.2456298959184358e-01
    -3.8795198985380514e-03 -7.3017940017039003e-06
    -5.3649287324294970e-01</data></distortion_coefficients>
<avg_reprojection_error>1.1760826152476498e+00</avg_reprojection_error>
<per_view_reprojection_errors type_id="opencv-matrix">
  <rows>25</rows>
  <cols>1</cols>
  <dt>f</dt>
  <data>
    4.68706161e-01 4.68057603e-01 4.98733789e-01 6.33045733e-01
    7.46544659e-01 4.94401187e-01 2.80047715e-01 1.88857973e-01
    2.27948338e-01 2.26498976e-01 2.70681977e-01 1.02342117e+00
    3.48243684e-01 2.08788171e-01 4.09746557e-01 5.23894250e-01
    1.40664601e+00 2.63747394e-01 3.28912377e+00 4.00010490e+00
    5.80765367e-01 5.79189599e-01 1.04106307e+00 2.48621911e-01
    2.41345912e-01</data></per_view_reprojection_errors>
<!-- a set of 6-tuples (rotation vector + translation vector) for each view -->
<extrinsic_parameters type_id="opencv-matrix">
  <rows>25</rows>
  <cols>6</cols>
  <dt>d</dt>
  <data>
    -1.2610907264591820e-01 -3.8280623229371910e-02
    5.4384948476922698e-02 -1.1964736244713229e+02
    -6.2704811980919921e+01 2.7723477082999483e+02
    -1.2886055556020734e-01 -5.1137594563923021e-02
    5.5942005283360664e-02 -1.1992267639639549e+02
    -6.2787079808950182e+01 2.7954785251106165e+02
    -1.2344877920289962e-01 -4.0416013294009824e-02
    4.0461652333588886e-02 -1.2283939103565174e+02
    -6.1633826458601341e+01 2.8097676592866407e+02
    -1.0868162779072721e-01 -2.7553015589264200e-02
    4.7805916616496170e-02 -1.2074528189536323e+02
    -5.9178552890139947e+01 2.9479924606829076e+02
    -4.3202951278948923e-02 -1.1443455810277263e-01
    2.5342241943049005e-02 -1.2240499708390212e+02
    -6.1651847413341812e+01 3.8843080620508817e+02
    -1.8400765482935436e-01 -1.3068128735744977e-01
    3.8861013008468212e-02 -9.1117776037819709e+01
    -7.8098288282983859e+01 5.6697300893800139e+02
    -1.7712773816640007e-01 -9.4487137271515032e-02
    2.8718555640512598e-02 3.6137886300706072e+01
    -3.1805854255655472e+01 6.8671244761960247e+02
    -1.8451322824640587e-01 -4.0206731354516016e-02
    2.7896364800979144e-02 1.1438545911134314e+02
    -9.6553412792991562e+00 7.4475172762117461e+02
    -1.8244364106980437e-01 -2.0357349443502940e-02
    6.5743848374667652e-02 1.9151791067905992e+02 2.2745385282528234e+00
    7.5487572843265946e+02 -2.0851503242340316e-01
    -1.2954665462681769e-02 5.6393095466798951e-02
    1.9783489822798708e+02 -5.2979305113440383e+00
    7.5664338853843515e+02 -1.4939961055730239e-01
    -4.3264622324321052e-02 1.1393294302478181e-02
    1.9555036630253588e+02 -1.2714674887611324e+01
    7.4321242710680315e+02 -1.4455810296217844e-01
    9.9038848531174438e-04 1.5513705145605810e-02
    -3.5230569197636484e+01 -5.1346547660445140e+01
    6.7674393104493424e+02 -1.5281794343376548e-01
    -5.8677728715897971e-02 3.6939416115353174e-02
    -2.7922528745742409e+02 -1.3236126329478361e+02
    5.3948751317121207e+02 -1.2998957781043216e-02
    -5.2512942836117460e-02 1.0192672168131914e-01
    -2.2823560419356434e+02 -1.0501660389294257e+02
    5.7687268656687866e+02 1.7501974881428742e-01 2.0809389917570340e-01
    2.1254393872245442e-01 -1.9296923781392630e+02
    -1.0802321201102735e+02 6.6287497921724412e+02
    4.8865491822981832e-01 4.6373653232216416e-01 2.8164750911975933e-01
    -1.1039730941033865e+02 -1.1657966685977689e+02
    7.1879141046370603e+02 5.8853619101480170e-01 5.7728738662229862e-01
    3.3366245405404743e-01 -8.6107164457913584e+01
    -1.1809068680465438e+02 7.3002390512709508e+02
    1.6936158488953096e-01 4.8323017829285381e-01 3.0957857141075923e-01
    -7.6064520974643131e+01 -1.2596419591638040e+02
    7.5199412341369191e+02 -7.9285647021802974e-01
    3.0935465850551658e-01 2.3225210128654114e-01
    -9.6551139210745418e+01 -1.2802770863131164e+02
    7.3542851134512262e+02 -8.2717345732614089e-01
    3.8677763227868961e-01 1.9218297821669916e-01
    -9.8979109114295426e+01 -1.2200249936826104e+02
    6.9126494402559945e+02 -1.9915048366989957e-01
    6.7896879742038718e-01 4.2678985415219417e-01
    -7.7554924602280522e+01 -1.5394052143017205e+02
    6.2632796119658587e+02 -1.9589009849750838e-01
    6.0744026623282310e-01 3.1206671107924527e-01
    -1.0409893734486113e+02 -1.3903996517175676e+02
    5.7236507837769489e+02 4.9714955968447327e-02
    -2.5686586275351592e-01 6.9734119820591342e-02
    -2.0543101732274650e+02 -1.5199563973752637e+02
    4.8629926705318184e+02 -1.0685745520726185e-01
    -2.4782210437022209e-01 9.0852339374113827e-02
    -1.4061450460106542e+02 -2.5944073561544116e+02
    5.7485356611464363e+02 -8.0974594303965308e-02
    -1.9026559410032415e-01 9.1512704398157951e-02
    -1.3720644641280720e+02 -2.2689409691308651e+02
    6.0073358062820603e+02</data></extrinsic_parameters>
