%YAML:1.0
---
K1: !!opencv-matrix
   rows: 3
   cols: 3
   dt: d
   data: [ 5.0946808115799911e+02, 0., 3.2139161027363440e+02, 0.,
       5.0865987736698355e+02, 2.5175301282327769e+02, 0., 0., 1. ]
K2: !!opencv-matrix
   rows: 3
   cols: 3
   dt: d
   data: [ 5.3535736786500877e+02, 0., 3.2098242591818735e+02, 0.,
       5.3409310423436068e+02, 2.4722999766059795e+02, 0., 0., 1. ]
D1: !!opencv-matrix
   rows: 1
   cols: 5
   dt: d
   data: [ -9.5789991447676470e-02, 1.9674549746541559e-01,
       1.3752121162049563e-03, 8.4689680344947997e-03,
       9.9196559553878280e-02 ]
D2: !!opencv-matrix
   rows: 1
   cols: 5
   dt: d
   data: [ -1.7109740946773513e-01, 4.6124897982798818e-01,
       2.4264540517986038e-03, 4.3023826817819759e-03,
       -3.7857883811412690e-01 ]
R: !!opencv-matrix
   rows: 3
   cols: 3
   dt: d
   data: [ 9.9200816758814347e-01, 3.5563380267986458e-02,
       1.2105800850141404e-01, -2.0726710338596622e-02,
       9.9235293136528713e-01, -1.2168016719770536e-01,
       -1.2445962765874624e-01, 1.1819858541723843e-01,
       9.8515932492587721e-01 ]
T: [ -2.4457505997555906e-01, 1.1307914698586170e-01,
    3.6787762038114388e-02 ]
E: !!opencv-matrix
   rows: 3
   cols: 3
   dt: d
   data: [ -1.3311299242059767e-02, -2.3140648282974609e-02,
       1.1587731714341272e-01, 6.0540395099249085e-03,
       3.0216723288016990e-02, 2.4539885418878576e-01,
       -1.0710620096971669e-01, -2.4672625441022467e-01,
       1.6070797853067746e-02 ]
F: !!opencv-matrix
   rows: 3
   cols: 3
   dt: d
   data: [ -2.5067698258671131e-06, -4.3647465580207748e-06,
       1.3022051390905431e-02, 1.1427890647945292e-06,
       5.7129140532816503e-06, 2.1794383260131733e-02,
       -1.0276128637622691e-02, -2.4925350855354741e-02, 1. ]
R1: !!opencv-matrix
   rows: 3
   cols: 3
   dt: d
   data: [ 9.1760304604386522e-01, -3.9663351306643868e-01,
       2.6201263396931934e-02, 3.9742945037137961e-01,
       9.1667357476796318e-01, -4.1945074795812269e-02,
       -7.3811834094050233e-03, 4.8902082110053507e-02,
       9.9877630353186608e-01 ]
R2: !!opencv-matrix
   rows: 3
   cols: 3
   dt: d
   data: [ 8.9933596059411802e-01, -4.1580749602128730e-01,
       -1.3527363466234715e-01, 4.2177548450833902e-01,
       9.0653018764248450e-01, 1.7563016843286507e-02,
       1.1532679935735184e-01, -7.2850155424603269e-02,
       9.9065260520759757e-01 ]
P1: !!opencv-matrix
   rows: 3
   cols: 4
   dt: d
   data: [ 4.7852894053948404e+02, 0., 3.5646215343475342e+02, 0., 0.,
       4.7852894053948404e+02, 2.5910124158859253e+02, 0., 0., 0., 1.,
       0. ]
P2: !!opencv-matrix
   rows: 3
   cols: 4
   dt: d
   data: [ 4.7852894053948404e+02, 0., 3.5646215343475342e+02,
       -1.3013628884045593e+02, 0., 4.7852894053948404e+02,
       2.5910124158859253e+02, 0., 0., 0., 1., 0. ]
Q: !!opencv-matrix
   rows: 4
   cols: 4
   dt: d
   data: [ 1., 0., 0., -3.5646215343475342e+02, 0., 1., 0.,
       -2.5910124158859253e+02, 0., 0., 0., 4.7852894053948404e+02, 0.,
       0., 3.6771368294215718e+00, 0. ]
