%YAML:1.0
---
K1: !!opencv-matrix
   rows: 3
   cols: 3
   dt: d
   data: [ 2.5460418200255779e+02, 0., 1.5109157722703864e+02, 0.,
       2.5455332114009897e+02, 1.2303270418075130e+02, 0., 0., 1. ]
K2: !!opencv-matrix
   rows: 3
   cols: 3
   dt: d
   data: [ 2.7120710599586960e+02, 0., 1.4924268380330548e+02, 0.,
       2.7152816877324477e+02, 1.1914374359031423e+02, 0., 0., 1. ]
D1: !!opencv-matrix
   rows: 1
   cols: 5
   dt: d
   data: [ -1.3275675407751666e-01, 2.7067441536279951e-01,
       -6.3700026239351900e-04, 1.5072067275929610e-03,
       -1.0446086191731643e-01 ]
D2: !!opencv-matrix
   rows: 1
   cols: 5
   dt: d
   data: [ -1.4712287423352854e-01, 3.0792411282488158e-01,
       -1.1862861126569380e-04, -3.4362557985123665e-03,
       -2.3048600631000718e-01 ]
R: !!opencv-matrix
   rows: 3
   cols: 3
   dt: d
   data: [ 9.9966406126995144e-01, 1.4149014956984372e-02,
       2.1715662113179161e-02, -1.4513008912070881e-02,
       9.9975526541987947e-01, 1.6696761289078755e-02,
       -2.1474104814517492e-02, -1.7006311798075446e-02,
       9.9962475368582271e-01 ]
T: [ -1.2029936943680282e-01, -6.8099094055332713e-03,
    1.6716444412046082e-02 ]
E: !!opencv-matrix
   rows: 3
   cols: 3
   dt: d
   data: [ 3.8884261508195225e-04, -1.6596541877374645e-02,
       -7.0864644940790509e-03, 1.4127507442533105e-02,
       -1.8093273637404986e-03, 1.2061723620040955e-01,
       8.5535275139686576e-03, -1.2017357451110033e-01,
       -1.8607281630410720e-03 ]
F: !!opencv-matrix
   rows: 3
   cols: 3
   dt: d
   data: [ 4.9908032197261440e-06, -2.1305952905959315e-04,
       2.3017181087367361e-03, 1.8111245181979098e-04,
       -2.3199930388079224e-05, 3.6918276421058754e-01,
       7.4511363439599921e-03, -3.8383995888864009e-01, 1. ]
R1: !!opencv-matrix
   rows: 3
   cols: 3
   dt: d
   data: [ 9.9073607827505394e-01, 7.2297029353968589e-02,
       -1.1495722139455898e-01, -7.1418667508982014e-02,
       9.9737725568649283e-01, 1.1746649331696770e-02,
       1.1550496584739423e-01, -3.4277377192230667e-03,
       9.9330098836088987e-01 ]
R2: !!opencv-matrix
   rows: 3
   cols: 3
   dt: d
   data: [ 9.8892981122750623e-01, 5.5981360953253297e-02,
       -1.3741876033260741e-01, -5.7027683236207716e-02,
       9.9836579374048440e-01, -3.6858151938770258e-03,
       1.3698785278352155e-01, 1.1481686058860598e-02,
       9.9050618325935047e-01 ]
P1: !!opencv-matrix
   rows: 3
   cols: 4
   dt: d
   data: [ 2.3369219020172852e+02, 0., 1.9210346889495850e+02, 0., 0.,
       2.3369219020172852e+02, 1.1996978187561035e+02, 0., 0., 0., 1.,
       0. ]
P2: !!opencv-matrix
   rows: 3
   cols: 4
   dt: d
   data: [ 2.3369219020172852e+02, 0., 1.9210346889495850e+02,
       -2.8427723387849060e+01, 0., 2.3369219020172852e+02,
       1.1996978187561035e+02, 0., 0., 0., 1., 0. ]
Q: !!opencv-matrix
   rows: 4
   cols: 4
   dt: d
   data: [ 1., 0., 0., -1.9210346889495850e+02, 0., 1., 0.,
       -1.1996978187561035e+02, 0., 0., 0., 2.3369219020172852e+02, 0.,
       0., 8.2205735230143766e+00, 0. ]
