%YAML:1.0
---
K1: !!opencv-matrix
   rows: 3
   cols: 3
   dt: d
   data: [ 5.0190038876305283e+02, 0., 3.0119205699516971e+02, 0.,
       5.0070961620732101e+02, 2.3173616401998316e+02, 0., 0., 1. ]
K2: !!opencv-matrix
   rows: 3
   cols: 3
   dt: d
   data: [ 5.0553235124525401e+02, 0., 3.0544885596116814e+02, 0.,
       5.0516576098989037e+02, 2.1507648244080468e+02, 0., 0., 1. ]
D1: !!opencv-matrix
   rows: 1
   cols: 5
   dt: d
   data: [ -1.6724979708993468e-01, 2.3580596310609012e-01,
       -1.3568037375576363e-02, -1.2593093598843939e-03,
       -9.9181394313901647e-02 ]
D2: !!opencv-matrix
   rows: 1
   cols: 5
   dt: d
   data: [ -2.0273638391424123e-01, 3.3544086329764289e-01,
       -5.7259326965024473e-03, -7.2723985142594382e-03,
       -3.0306638906435446e-01 ]
R: !!opencv-matrix
   rows: 3
   cols: 3
   dt: d
   data: [ 9.9952556628555145e-01, -4.4534493426307267e-03,
       3.0476370034835783e-02, 2.5723434519237549e-03,
       9.9810460060402240e-01, 6.1486496909891858e-02,
       -3.0692432140724195e-02, -6.1378929951876951e-02,
       9.9764252193220471e-01 ]
T: [ -1.3867600135283017e-01, -2.8697220802975609e-02,
    -1.3344669741424373e-02 ]
E: !!opencv-matrix
   rows: 3
   cols: 3
   dt: d
   data: [ 9.1511457595014562e-04, 1.5080780967936342e-02,
       -2.7809050739506298e-02, -1.7594642341259577e-02,
       -8.4523547623541855e-03, 1.3794237862807901e-01,
       2.8326883569896780e-02, -1.3854095656274978e-01,
       -7.6521144084940786e-03 ]
F: !!opencv-matrix
   rows: 3
   cols: 3
   dt: d
   data: [ -8.8591594510022029e-07, -1.4634317658232030e-05,
       1.7170165879149945e-02, 1.7045609481510095e-05,
       8.2080767424112217e-06, -7.4109048990722584e-02,
       -1.7258749455173601e-02, 7.0668178263706138e-02, 1. ]
R1: !!opencv-matrix
   rows: 3
   cols: 3
   dt: d
   data: [ 9.7211044928768497e-01, 1.9126738820272005e-01,
       1.3571315557382535e-01, -1.9513813278844719e-01,
       9.8065025252327143e-01, 1.5690486221985853e-02,
       -1.3008606196489184e-01, -4.1735697384301225e-02,
       9.9062391857168097e-01 ]
R2: !!opencv-matrix
   rows: 3
   cols: 3
   dt: d
   data: [ 9.7493349203998014e-01, 2.0174998858024351e-01,
       9.3816993165426188e-02, -1.9893463983760032e-01,
       9.7925431936147755e-01, -3.8548503013392479e-02,
       -9.9647855829487222e-02, 1.8918776909749760e-02,
       9.9484289448577001e-01 ]
P1: !!opencv-matrix
   rows: 3
   cols: 4
   dt: d
   data: [ 4.4095352823144782e+02, 0., 2.0047896194458008e+02, 0., 0.,
       4.4095352823144782e+02, 2.2064259529113770e+02, 0., 0., 0., 1.,
       0. ]
P2: !!opencv-matrix
   rows: 3
   cols: 4
   dt: d
   data: [ 4.4095352823144782e+02, 0., 2.0047896194458008e+02,
       -6.2721890853916690e+01, 0., 4.4095352823144782e+02,
       2.2064259529113770e+02, 0., 0., 0., 1., 0. ]
Q: !!opencv-matrix
   rows: 4
   cols: 4
   dt: d
   data: [ 1., 0., 0., -2.0047896194458008e+02, 0., 1., 0.,
       -2.2064259529113770e+02, 0., 0., 0., 4.4095352823144782e+02, 0.,
       0., 7.0302971136258776e+00, 0. ]
